-0.514562466153369
-0.6069031672120245
-0.2771451511310356
-0.39780278777282835
-0.10175875008597639
-0.12006664910463209
-0.09857941940442876
-0.27323836721017064
-0.02275040756874712
0.15750895802859383
0.2662317071717203
0.06072826624514928
0.016529222749375808
-0.16889807693313907
-0.013566655927392354
-0.07713724810277532
-0.032834965178024575
-0.07334213634411334
-0.37284565204646763
-0.5022368118997365
-0.4384971241792696
-0.613606499248581
-0.39459712728307667
-0.11527723407232919
0.13722388155320336
0.10533206839730443
-0.2477269417858588
-0.22537733648204322
-0.20627456386367565
-0.19654511685261028
-0.3817902908565359
-0.3111669327512267
-0.3314789290983014
-0.3318516426550275
-0.16785107958967554
-0.3084459599784423
-0.003131682284150769
-0.11751331922200729
-0.2370719046480842
-0.23860434731879948
-0.18534185512525164
-0.13307089678383993
-0.1993689215290652
-0.1964046882568395
-0.3218956716443329
-0.19221669635579403
-0.1985890185605073
-0.3480308613315956
-0.22181635140045802
-0.2729516746000085
-0.24139747668441563
-0.35218757420507646
-0.39358462335130423
-0.15673130148911613
-0.16728661234835868
-0.1795618755315675
-0.23416660963446506
-0.15577713986853486
0.11189481454739432
0.13541373827902103
0.06797943686477066
0.1470828852484733
0.09183234719179718
-0.07790705780804823
-0.15000201925358958
-0.07529255829438257
-0.08141765899513313
-0.09136896827349304
-0.06565025001311901
-0.12055061923043069
-0.10639800267137327
-0.23409060805678134
0.11738187981618671
0.008190802188325477
0.17241422844624377
0.1431403426114355
-0.12440596634256905
0.022287378668153626
0.06517867589800559
0.24496635186103738
0.05194165096889204
0.09519893359092248
-0.16744640885349066
-0.21911789002826437
-0.09569853748252398
-0.3282707946834113
-0.22442794292487506
-0.2526299843075403
-0.009687950115261787
-0.2305990442757831
-0.4069694596234063
-0.415258490893101
-0.4090534860356995
-0.3878734038527269
-0.1479202927045074
0.03592656899029274
-0.093158885595834
-0.015560883841536852
-0.052840586880202975
0.1346669198843014
-0.011605128335798062
-0.178304323478451
-0.334460321131058
-0.42477479610396646
-0.3670116444841797
-0.3718529824541909
-0.3752494286160987
-0.1558632761650523
0.03809757681923194
0.04464945869809252
0.09294651962984758
-0.073032212755464
-0.14971827654844272
0.008422796509114774
-0.034373882619485804
0.3216979445606681
0.4147462941602899
0.05946667547875874
-0.22860505251732327
-0.26637871782874295
-0.32776024118341035
-0.4876774867300688
-0.5076791087043695
-0.30932576724790645
-0.3189192446441543
-0.2119195269954794
-0.16219841940159124
-0.3272238997091969
-0.18151192603831795
-0.43983078236877265
-0.16160678131462153
-0.5741972880196954
-0.28232809766562555
-0.5210148380003461
-0.07827384067067648
-0.07849219221431451
-0.5215905787600263
-0.5003234124351755
-0.3519765064488453
-0.1954310426016374
-0.002410039431287078
