0.24205237331825125
0.25138813481725897
0.2686893590087406
0.5117568091052367
0.5893301013189945
0.7133749097281223
0.8066068766282475
0.7707311394412288
0.775698658963362
0.6940899168264785
0.6550975926268892
0.6720788986012431
0.6266209707670347
0.3291529836037833
0.351865500571246
0.3039464179477266
0.3080885861063043
0.3071211563698444
0.32155879489844763
0.3058646578034916
0.2869574260663733
0.29338821287450323
0.2806610386630686
0.2846691677317347
0.27668898608625236
0.27966048725941084
0.37382955303370213
0.6042984378940138
0.7196714164079371
0.8376660977007204
0.8414198193537488
0.790855378530698
0.588600467441762
0.3484174822897045
0.27449712096464896
0.2657623216866126
0.7705896214325397
0.4147273120489
0.35181908633060743
0.31305616229105504
0.3061951902690594
0.3142268056456565
0.3204589900213699
0.3391601169455192
0.3249000633825313
0.3286720999275631
0.3353835408585666
0.3222641611690191
0.30726321282064273
0.34684256460114504
0.35189187019712465
0.5409275791205808
0.6278471834214744
0.7978301435195609
0.5402623691713428
0.3721142161086908
0.27614857796311965
0.2770020572411436
0.28120574202577375
0.35872802462707476
0.3033670022608763
0.49672830482576236
0.424484494409367
0.38002021760838567
0.35733747114032854
0.3560728326281576
0.3414258483834761
0.3256459166643718
0.27837484277664415
0.31362601696748005
0.30596412861161104
0.2907152539317568
0.28889813766201733
0.29401245904330897
0.28907130283268323
0.2654533889588896
0.41294770378383583
0.34911085577440215
0.3330940342836761
0.3335567507272731
0.2703887702737203
0.3037259358119824
0.25531116001420484
0.31876481095137
0.3184997747465018
0.3424926127380582
0.325204843978975
0.31737536358487073
0.3252287050968601
0.33713289897551246
0.33129120762096465
0.3366709087883032
0.32113168470756526
0.3212940656426765
0.32682228492380905
0.31288844625623236
0.30629549205830076
0.309089184503205
0.3228083698915254
0.5478490088742354
0.6211901539697708
0.6966472612585097
0.7245914402662196
0.48429632483891427
0.37992108268399205
0.8299755739630749
0.4154049641945484
0.39165224796553244
0.7960239804224788
0.4472821227199628
0.3905966947457983
0.3548543446781688
0.35110462371091733
0.34068243724583336
0.35145873485157253
0.3371631601629733
0.3158294248581721
0.32612948699095123
0.31936031901379147
0.3105842316992574
0.31180068302227004
0.3388339332989657
0.38488673291206055
0.5322881553670363
0.5962422548049274
0.6953262717760126
0.6363401535992814
0.6366708345121138
0.8350843313590589
0.48561599853117066
0.3850846214406295
0.37669888313508093
0.8138415565722695
0.4887395233744183
0.39964507812893824
0.3608938295201678
0.33788279883022676
0.3424787569415554
0.3454338701124231
0.335740105147469
0.3186256829671795
0.3298377928704759
0.3172767065424801
0.3141767945522347
0.2381586715111662
0.40198526244817556
0.37142673498368095
0.5456050841761594
0.6265831561347985
0.7712373053546427
0.7674770843596399
0.7950246090306894
0.73272221392847
0.693429763945768
0.5041210857510198
0.4965479099074821
0.7400922206820715
0.5275633680219104
0.4049749546395327
0.35949678520629913
0.348700508449594
0.33700026650378234
0.34392465698034425
0.3384087083255336
0.3199705933005208
0.3258771777891162
0.3228532728913127
0.2847573109448074
0.3508144191795921
0.34341879217339233
0.37078410705661635
0.5760016648420587
0.6938601155455548
0.8026831675481885
0.7342504029209055
0.7178719211527215
0.5469148526161571
0.7877441127250244
0.4039447004731487
0.7245260189114993
0.7352659454069372
0.4528286003081886
0.3805800572571312
0.3497758060366468
0.34885722994085466
0.3448636759655277
0.3528457172626144
0.33338868662376675
0.322465148572333
0.33559729287746376
0.3243868827164843
0.3162621457531233
0.3244667367617464
0.2604509450814062
0.337039646674286
0.7131544388220933
0.7277779664395043
0.7463288500480719
0.7534453330649952
0.6813682811874431
0.6346791699527297
0.752591327798058
0.811553552513616
0.7076662328040041
0.7287065791316786
0.42878742027455385
0.3879750538508856
0.36878310570760897
0.3602317456390931
0.3413287726614429
0.3661942795181443
0.3490519633983724
0.30619043013824354
0.34460094029549193
0.32851801604765507
0.3356858013935323
0.30164869144994666
0.3162609637217506
0.4532514802853038
0.6066029889501111
0.7360101045993491
0.8247537090713188
0.7924137733680539
0.5186352665508727
0.513071449289032
0.3737336017194779
0.3308318417111573
0.8398661306142204
0.7542942489992824
0.4222676244191421
0.37931234128018243
0.3603982483241903
0.2486709468212197
0.4023430498520013
0.34442255901262997
0.3282582184960484
0.3036470998259595
0.32828741517785265
0.3124540889093511
0.29965078654613564
0.3062313012179435
0.29285770061804306
0.36895113469683116
0.3604069053690858
0.36738558085126993
0.35687167133236797
0.3356842300832745
0.3583974013956014
0.33837708313168957
0.1736903675741549
0.42399672920291176
0.34073031480663774
0.31334198825343995
0.304750309864401
0.28551788014967106
0.28852753502169604
0.2634684325215243
0.2527295905626906
0.2536307695799588
0.25826516576557723
0.2510469288127226
0.2553511126506025
0.2515164551650788
0.2504962098623209
0.24153900354978275
0.2655416530631126
0.2677004080562406
0.40215915074319786
0.544794482292072
0.6826169286011154
0.7477464493259965
0.6524611648444184
0.6082242238083325
0.6663694995476016
0.44477103534628115
0.7581488958301825
0.7624666000870971
0.3988667277168463
0.36188867223631305
